image: my_map.png
resolution: 0.050000
origin: [-4.40000, -6.250000, 0.000000]
negate: 0
occupied_thresh: 0.65
free_thresh: 0.196

